RECTANGLE CREATED WITH HEIGHT 10.5 and WIDTH 20.5
AREA= 215.25
PERIMETER= 62.0

CIRCLE CREATED WITH RADIUS 5.8
AREA= 105.68317686676063
PERIMETER= 36.4424747816416

TRIANGLE CREATED WITH SIDES 10, 11, 12
AREA= 51.521233486786784
PERIMETER= 33.0
